100 

13:25 0 time 

77 0.3
99 0.32
121 0.32
143 0.32
164 0.33
186 0.34
208 0.34
229 0.35
251 0.35
273 0.36
294 0.36
316 0.37
338 0.37
360 0.37
381 0.37
403 0.38
425 0.38
446 0.39
468 0.39
490 0.4
511 0.4
533 0.4
555 0.41
577 0.42
598 0.42
728 0.42
750 0.42
772 0.43
794 0.43
815 0.43
837 0.44
859 0.44
880 0.44
902 0.45
924 0.45
945 0.45
967 0.45
989 0.46
1011 0.46
1032 0.46
1054 0.46
1076 0.46
1097 0.46
1119 0.46
1141 0.46
1162 0.47
1184 0.47
1206 0.48
1228 0.48
1249 0.48
1271 0.48
1293 0.50
1314 0.50
1336 0.50 
1358 0.51
1379 0.52
1466 0.53
1488 0.53
1510 0.54
1575 0.55
1608 0.56
1630 0.55
1651 0.55
1673 0.55
1695 0.54
1716 0.53
1738 0.54
1847 0.54
1868 0.54
1890 0.55
1912 0.55
1933 0.54 
1955 0.54
1977 0.53
1998 0.54
2020 0.53















