250

12:07 0 time set 

17 0.11
39 0.12
61 0.12
82 0.12
104 0.13
126 0.13
148 0.14
169 0.14
191 0.14
213 0.15
234 0.15
256 0.16
278 0.16
299 0.16
321 0.16
343 0.17
365 0.17
386 0.17
408 0.18
430 0.18 
451 0.18
473 0.18
495 0.18
517 0.18
538 0.18
560 0.18
582 0.18
603 0.19
625 0.19
647 0.19
668 0.19
690 0.2
712 0.2
734 0.2
755 0.2
777 0.2
799 0.2
820 0.2
842 0.21
864 0.21
885 0.21
907 0.21
929 0.21
951 0.22
972 0.22
997 0.22
1016 0.22
1037 0.22
1059 0.22
1081 0.22
1102 0.23
1124 0.23
1146 0.23
1168 0.23
1189 0.23
1211 0.24
1233 0.24
1254 0.24
1276 0.24
1238 0.24
1319 0.25
1341 0.25
1363 0.26
1385 0.26
1406 0.26
1428 0.26
1450 0.27
1471 0.27
1493 0.27
1515 0.27
1536 0.28
1558 0.28
1580 0.28 
1602 0.28
1623 0.28
1645 0.28
1667 0.28
1688 0.28
1753 0.28
1856 0.28
1992 0.28
2014 0.28
2036 0.28
2057 0.27
2079 0.27
2101 0.27
2122 0.27
2144 0.26
2166 0.26
2187 0.26
2209 0.26
2231 0.26
2339 0.26
2470 0.26
2578 0.26
2600 0.27
2621 0.27
2643 0.27
2665 0.27
2687 0.27
2708 0.27
2730 0.27
2752 0.27
2773 0.28
2795 0.28 
2817 0.28
2838 0.29
2860 0.29 
2882 0.29
2904 0.29
2925 0.29
2947 0.29












 


























